6881 38888
42530 52288
7732 50846
10207 37424
42801 5987
38441 47360
34825 10505
38713 27901
39189 26235
21216 48767
44022 50682
36386 39433
43862 42124
24127 7827
47103 49317
37796 14229
47126 37756
666 18066
23043 11768
26904 1491
13461 52842
40972 50833
5646 45013
28038 10993
41324 53025
43398 52245
20008 48695
4652 38105
16939 51013
1541 12554
41002 39827
19343 53169
27734 23984
37218 30191
38241 30632
6063 18133
20094 8559
27122 47834
25036 45518
20539 49716
38873 18452
6562 4971
35665 46473
34845 9337
38691 42054
22928 27153
32439 1678
41930 22066
36254 18622
16313 2012
12450 20026
14342 29595
49118 24678
38061 50492
37364 19425
17636 43461
15603 30010
39374 42432
10961 46308
40136 51266
16691 42075
44661 45166
9795 40582
27813 37723
5609 24842
33406 5516
51003 38421
9816 53015
20605 15243
8168 37873
22266 22039
9591 11118
29288 11147
22475 28060
21169 43224
38344 11465
45134 27041
4884 49150
25216 52532
23634 43328
1511 47432
37436 37777
8935 22968
19424 44183
29607 24979
46755 24505
14103 1489
41370 22700
4255 18484
3497 35463
846 32006
25485 47640
49290 18884
7728 47583
15035 47990
14936 37098
15555 36028
11358 51473
37912 9705
43598 11171
39453 2023
50644 20670
51088 19157
39365 46101
46561 41839
29586 40060
22413 15344
52690 17828
1268 2298
27205 46229
38465 30946
6893 1599
6013 8409
332 3941
24725 40340
27814 32813
35404 52314
25604 32490
32216 3338
36163 27017
43030 3239
24123 20318
6382 15261
14644 4353
26461 27311
48864 37859
30910 49473
33765 4876
2761 47960
23530 42146
9416 40432
35734 24481
6904 20114
37119 2676
1333 27124
46790 29533
32988 38086
11971 31553
37081 22493
36778 5028
43126 7569
42489 19781
35077 47986
31685 33633
47424 51454
6684 28397
31975 4204
33325 5036
52933 35644
40082 5805
645 21465
51303 21391
37927 23221
22757 8918
14180 11418
40514 5492
24658 47726
9229 30070
14436 37132
18826 36703
41086 36637
31851 32138
21677 53667
22910 39004
13850 2009
38174 51371
23007 12199
52946 41111
2630 21794
43889 37952
34028 21891
715 5431
52762 14822
12522 47170
5392 20257
6936 44911
40603 23230
14159 32437
5593 11276
51662 9245
52760 34421
30733 10036
30727 3247
22847 13198
37897 26131
49069 21153
48078 31854
23666 7096
19217 46445
11454 36844
33351 790
20497 52684
51313 2380
33074 21390
36456 6079
8097 19362
35566 26056
49633 33603
5963 26404
30898 10027
17948 10371
16678 38792
27180 18961
45030 21471
35565 20901
5016 4708
5428 28042
27432 48088
27880 16200
13719 40943
35546 43544
44006 29424
20302 51734
1435 23875
28805 35979
16618 39853
39665 28658
12534 30403
8211 9588
5475 24326
592 33451
41383 44520
3676 45275
24514 18231
53207 8259
22714 46860
15389 34259
32523 17859
9397 51380
5619 37958
24019 39046
24542 48947
21100 42491
53149 26118
10199 7795
45328 23354
12428 45598
899 6080
30004 14855
35200 21783
22784 48755
23441 28623
3177 12947
22051 11602
13066 40664
5855 23030
44207 32910
14020 12802
44762 51712
14024 13046
5111 45049
37397 4739
20591 53564
3712 38282
16648 22188
15369 49820
1543 52293
36349 50029
20487 49226
50917 36736
50680 9845
34513 25321
26096 44377
267 45376
27309 30537
41417 21492
35011 24503
27279 48292
14604 5640
27106 46010
35963 184
27067 34161
46211 28917
12730 7211
25076 1276
17236 14162
37547 4371
48731 33540
43335 42384
20102 2027
36590 43568
22037 22640
22538 2875
11837 10889
1976 53051
11960 32529
22623 44367
44177 47509
33671 9963
31777 39132
31978 29534
16840 53225
33158 34192
52826 7064
40528 1961
38256 27320
18556 22645
9022 36285
26527 12443
50576 31857
35512 21575
37041 51769
28936 51378
16110 10788
26063 20498
16498 46446
26402 53300
20747 32267
43151 5446
25837 26919
52112 19418
18557 38552
4632 24993
46442 16282
46651 30023
30612 5217
37065 36680
1571 31082
34740 8238
26950 10522
16407 52236
2655 33541
50613 15946
11503 46383
30833 29428
50464 22767
34889 20823
9865 2120
24174 23856
18579 15847
40635 34231
13041 49741
4114 22830
12647 10988
26560 6716
38878 24478
25624 13084
50011 22038
42024 24336
36562 11436
33762 35934
43 53231
35142 49196
696 24257
33281 32779
43438 5789
12346 35804
30087 43267
53821 34942
18246 27719
29332 21328
49983 776
14509 48073
48576 36246
4030 40628
30753 15102
36607 12729
7013 39833
41367 52411
28150 9148
45448 1389
42629 42647
34304 35148
3683 25304
46524 52029
36039 33769
53071 37404
10605 26248
41132 22005
45858 32043
31467 34532
33117 17180
12283 5102
16665 47707
18605 37215
25324 40256
52859 44956
31289 15728
43165 11100
37240 17060
3923 9692
11275 15774
21680 53110
28872 38142
18604 25394
34342 17109
48220 14135
5433 53739
25228 45503
27677 30195
4389 18725
37869 53581
17158 37367
52174 7224
2754 48066
9666 25963
49434 51413
52640 51328
18120 31032
44322 44528
44342 46558
19160 42690
31383 48020
49815 15732
32309 29777
4695 15215
34603 1636
12228 36649
5127 17978
3852 5123
29097 33358
9956 51107
45282 47710
24827 6606
25841 43299
10958 16723
27943 9248
50814 1300
40097 10931
52526 50343
49369 9799
49890 30271
21192 40168
23845 18867
7745 42643
38018 10219
1735 49597
52075 40067
44263 18466
29753 20112
27521 15265
45824 39597
44833 21
29516 30296
38609 8316
12159 2238
50863 619
5947 37232
26643 29360
24151 48803
11201 49544
41973 11087
24204 46222
45224 13877
37191 10232
33872 48423
18002 7078
4760 9480
18630 386
2018 12406
17202 24333
26049 34447
19704 18147
27977 44505
51202 18152
23461 50643
6271 6579
14209 46668
1365 13377
17135 22659
11686 33299
43058 7837
42533 50661
16185 17126
16111 15183
24452 39945
1358 14128
30325 24524
37088 50656
52310 37016
22787 49867
4891 41735
50305 9643
23265 42156
17586 26834
8235 52971
27853 4805
16636 15558
21728 4369
19802 9032
272 17016
27949 39882
23866 11097
21360 1346
20116 13802
9765 35881
8065 46350
30203 342
45346 25204
32285 5621
24718 10057
1446 2052
50666 34813
961 42445
30278 50078
42573 45987
47597 46458
7549 19518
6284 2101
17884 37033
28279 33469
31024 42453
44355 30696
34134 1273
27938 5261
42323 13089
3375 26415
4553 7067
3850 25677
31565 50784
2841 20410
14713 3873
49149 46726
48037 17742
7040 32331
53786 47894
47402 45038
9596 25111
10719 37889
25282 47860
38750 21372
11902 32311
22249 30301
32484 49457
9183 792
42875 1680
32480 6899
38003 23749
34848 21251
11508 33349
33393 52001
45378 30660
44730 42638
14426 53576
30920 20477
27646 43954
308 30481
49900 13926
32585 25349
44996 52570
